# PVS Probes: 219 total (2 boundary, 217 interior)
# Format: x y z island_id type
-9.6176 0.5293 -3.5922 0 interior
-10.2241 1.4317 -1.7829 1 interior
-9.5722 3.6616 -3.0157 2 interior
-10.4139 10.8493 -2.9591 3 interior
-8.2076 11.0379 -4.8860 4 interior
-8.0269 5.7026 -1.0356 5 interior
-6.5715 1.0563 -2.2157 6 interior
-6.7046 1.4428 -2.2041 7 interior
-4.9636 1.3850 -2.1764 8 interior
-5.9096 1.1752 -2.0635 9 interior
-5.0120 0.7831 -0.4040 10 interior
-4.6614 2.0656 -0.6284 11 interior
-6.6853 3.1074 -2.2259 12 interior
-5.0520 2.5216 -2.2201 13 interior
-4.7038 3.2719 -0.3407 14 interior
-6.9492 4.4834 -1.3351 15 interior
-5.1607 4.3175 -2.2175 16 interior
-4.9466 6.8350 -1.4922 17 interior
-5.1187 4.8092 -0.4766 18 interior
-2.3398 2.4258 -2.0439 19 interior
-2.4030 3.0998 -1.8887 20 interior
-2.6760 3.7204 -2.2181 21 interior
-3.5589 3.9980 -0.3186 22 interior
-2.8613 5.4218 -2.2389 23 interior
-3.5572 4.0653 -0.5301 24 interior
-7.7511 0.2796 -1.8318 25 interior
-7.6798 0.4369 -1.8218 26 interior
-6.3970 0.6931 -1.7421 27 interior
-4.5810 3.5743 -2.2138 28 interior
-3.3045 0.5291 -2.2696 29 interior
-3.2942 1.4909 -2.2410 30 interior
-2.4389 1.1369 -2.2099 31 interior
-3.2224 3.0868 -2.2212 32 interior
-2.7035 1.1481 -0.3607 33 interior
-6.7291 3.5950 -0.9787 34 interior
-5.8551 0.2675 -1.2657 35 interior
-4.8906 1.2625 -1.7646 36 interior
-4.7484 0.9963 -1.6965 37 interior
-5.7668 1.6318 -2.7211 38 interior
-4.2117 3.4408 -0.3135 39 interior
-4.4444 7.1225 -0.9389 40 interior
-7.9259 5.7119 -3.7678 41 interior
-7.0598 7.7905 -1.2773 42 interior
-5.9821 6.5757 -1.8324 43 interior
-11.1393 1.5447 -0.2741 44 interior
-10.4371 1.1625 1.8286 45 interior
-9.6176 0.5293 3.2303 46 interior
-9.5760 3.7648 1.8005 47 interior
-9.5625 7.7463 1.7460 48 interior
-8.0941 4.8673 -0.2808 49 interior
-9.3607 6.5751 3.2049 50 interior
-7.3053 1.1608 1.3735 51 interior
-7.6879 0.2597 1.1669 52 interior
-7.5893 1.6225 1.0413 53 interior
-6.7128 1.9135 0.7064 54 interior
-6.6146 1.1339 0.4258 55 interior
-6.5924 2.7950 1.4066 56 interior
-6.5924 3.5133 3.0046 57 interior
-6.3787 3.2835 -0.2826 58 interior
-5.8659 2.0676 0.0395 59 interior
-5.0312 1.0745 1.3272 60 interior
-5.3980 2.8493 1.6359 61 interior
-5.1599 2.7728 1.0775 62 interior
-5.6080 3.2087 1.6984 63 interior
-4.9534 1.2614 1.1682 64 interior
-4.9176 1.3132 -0.2746 65 interior
-4.8097 0.5853 1.3104 66 interior
-4.8792 1.7590 1.6445 67 interior
-4.9517 1.9450 -0.2888 68 interior
-4.7265 1.9756 1.7262 69 interior
-3.0983 2.0825 -0.2266 70 interior
-4.4383 3.6113 1.0392 71 interior
-2.6479 3.5936 1.6412 72 interior
-4.1253 2.7524 -0.1192 73 interior
-4.2867 1.7953 -0.2482 74 interior
-3.2099 1.1893 1.5739 75 interior
-3.6915 4.4794 1.6429 76 interior
-3.6234 5.3199 -0.2579 77 interior
-6.9379 7.7557 2.2204 78 interior
-4.9506 8.0474 1.1058 79 interior
-4.2123 7.2154 -0.2360 80 interior
-4.5002 7.7463 4.1560 81 interior
-2.1512 4.8092 -0.2997 82 interior
-2.1282 3.4408 -0.2850 83 interior
-1.6239 2.4580 -0.5867 84 interior
-1.9568 1.4325 -2.1965 85 interior
-1.1884 3.7792 1.6429 86 interior
-1.8923 0.2871 -1.7835 87 interior
-1.1364 0.3754 -2.2103 88 interior
-1.3916 0.7459 -2.0269 89 interior
-1.5724 1.4265 -2.0589 90 interior
-1.5312 2.8038 -3.5035 91 interior
-2.0852 3.4408 -1.6038 92 interior
-1.5315 2.0514 -0.4486 93 interior
-1.3707 3.5363 -2.2138 94 interior
-1.9794 0.0712 1.5589 95 interior
-1.1357 0.6009 1.6159 96 interior
-1.7760 1.1758 1.6030 97 interior
-1.9259 0.4021 1.6139 98 interior
-1.9428 0.9256 1.6462 99 interior
-1.4911 1.6944 1.5914 100 interior
-2.0802 10.8588 -3.7128 101 interior
-1.9568 1.4148 1.6453 102 interior
-2.1612 5.2486 1.2916 103 interior
-0.6968 5.2120 -0.5724 104 interior
-0.5107 5.7217 -0.4912 105 interior
-0.5159 5.1967 -0.1837 106 interior
-0.5017 5.6953 -2.3858 107 interior
-0.3553 5.7003 -2.3104 108 interior
-0.4812 4.9418 -0.3973 109 interior
0.1792 0.5984 -2.2157 110 interior
0.6007 0.8037 -2.0898 111 interior
0.9472 0.2242 -1.7884 112 interior
0.9960 0.8570 -2.2554 113 interior
0.5798 1.1844 -2.1840 114 interior
0.4963 1.6833 -2.0838 115 interior
0.5700 2.4679 -0.5240 116 interior
0.4615 2.4356 -0.1987 117 interior
0.1748 0.3790 1.6095 118 interior
0.9566 0.2521 1.2380 119 interior
0.2975 0.7368 1.6349 120 interior
0.3190 1.4574 1.5988 121 interior
0.3076 1.9474 1.6146 122 interior
0.3735 2.6538 -0.4253 123 interior
0.3446 3.5942 -2.2208 124 interior
0.8864 3.4149 -2.0887 125 interior
0.6172 3.8525 -0.9571 126 interior
0.6001 3.4157 1.6359 127 interior
0.8766 5.1770 1.0265 128 interior
0.3724 5.6913 -0.1089 129 interior
0.8105 5.7026 1.8404 130 interior
0.9973 6.0432 0.4168 131 interior
1.0282 1.2917 -0.1374 132 interior
1.0924 5.8910 -0.2911 133 interior
3.3654 3.7198 -1.7700 134 interior
2.2864 0.6729 -2.2725 135 interior
3.3263 0.4473 -2.2550 136 interior
2.2164 1.6979 -2.2502 137 interior
2.5750 3.4381 -1.5715 138 interior
3.5239 2.7922 -0.4779 139 interior
4.1457 0.6344 -2.1424 140 interior
3.9187 0.7368 -2.1805 141 interior
4.3909 0.7839 -2.0125 142 interior
3.8228 0.9134 -1.7890 143 interior
3.8638 0.8225 -2.0207 144 interior
3.9011 0.9434 -1.7617 145 interior
4.4591 0.8884 -1.9703 146 interior
4.7475 1.1431 -2.1958 147 interior
3.9293 1.6998 -2.2246 148 interior
3.9862 1.4108 -2.0141 149 interior
4.1745 1.6930 -2.0157 150 interior
4.6144 3.9228 -3.5527 151 interior
4.0508 3.4408 -1.5780 152 interior
1.8476 2.7857 -0.2471 153 interior
2.5214 2.7525 -0.0465 154 interior
1.6355 1.1455 1.6462 155 interior
2.3861 1.1470 1.5562 156 interior
2.4057 4.8178 1.6940 157 interior
2.8809 2.7820 1.6408 158 interior
2.7520 2.8973 1.0530 159 interior
3.8901 1.1327 1.6200 160 interior
3.9053 2.7687 1.3011 161 interior
4.8479 1.1365 1.6159 162 interior
3.1400 2.7724 -0.1861 163 interior
2.4831 1.2813 2.9327 164 interior
1.6185 3.5029 1.6374 165 interior
3.9313 1.9057 1.6982 166 interior
1.9542 2.5256 1.5093 167 interior
3.8226 0.9434 1.1467 168 interior
3.9781 0.9434 1.0621 169 interior
3.9793 0.9427 1.2397 170 interior
5.0665 2.7941 1.0617 171 interior
5.6705 1.1444 -2.2125 172 interior
5.7029 3.1901 -1.6252 173 interior
6.3574 2.7990 -1.1940 174 interior
6.2928 3.2998 -1.8672 175 interior
7.0599 3.1773 -0.2991 176 interior
5.6973 1.1386 1.6095 177 interior
6.1828 4.8092 0.7315 178 interior
6.1946 2.8679 1.9155 179 interior
2.9446 2.0830 -0.2583 180 interior
2.3943 3.3460 -2.2214 181 interior
4.9262 2.1315 -0.2952 182 interior
3.3249 1.8657 2.8406 183 interior
2.8168 3.5047 2.9283 184 interior
2.0882 3.7739 -2.2157 185 interior
4.0354 3.7564 -2.2141 186 interior
1.8638 4.0975 -0.3039 187 interior
4.6093 3.7413 1.1434 188 interior
3.7099 4.4742 1.6423 189 interior
4.0088 5.5911 -0.2866 190 interior
5.3410 1.6659 -0.2310 191 interior
6.6730 0.2833 -1.7772 192 interior
5.5427 4.0509 1.0460 193 interior
5.8058 2.0633 -0.4981 194 interior
6.6384 0.2463 1.1976 195 interior
7.9102 2.6275 0.3245 196 interior
5.4868 5.5980 -0.2300 197 interior
4.7000 3.4408 -3.4210 198 interior
4.9667 6.3459 -3.7563 199 interior
5.6997 5.9793 -3.2924 200 interior
4.1482 5.7091 -3.1455 201 interior
2.6808 4.9023 -1.1792 202 interior
3.9304 4.2049 -0.5143 203 interior
5.2454 2.6719 0.6831 204 interior
7.1679 3.4408 -1.5941 205 interior
8.4648 1.2155 -0.4953 206 interior
9.4789 1.1998 1.4351 207 interior
8.9576 0.5293 3.2303 208 interior
5.2613 8.6524 -3.4190 209 interior
5.2623 3.8867 -0.4631 210 interior
4.4504 8.4762 -0.5010 211 interior
6.9451 6.3086 -3.3082 212 interior
4.8280 5.9435 -0.2810 213 interior
2.0472 6.3260 -0.6507 214 interior
7.9141 6.5809 -0.9956 215 interior
1.1818 5.2538 1.2916 216 interior
-8.2076 11.0379 -4.8860 0 boundary
-0.5159 5.1967 -0.1837 0 boundary
